run('Smetana_Gregory_1917370_A7_P3.m');

tjmat =

   3.3907e-01


kjmat =

    77


xjmat_err =

   1.4306e-03


tjseq =

   4.0913e-01


kjseq =

    77


xjseq_err =

   1.4306e-03


tgsmat =

   4.3540e-01


kgsmat =

   100


xgsmat_err =

   7.4055e+32


tgsseq =

   3.7104e-01


kgsseq =

   100


xgsseq_err =

   7.4055e+32


b =

     2
     9
     3


x0 =

     6
     4
     3


xjmat_err =

   1.6049e-03


xjseq_err =

   1.6049e-03


xgsmat_err =

   7.5550e+33


xgsseq_err =

   7.5550e+33


b =

     4
     7
     1


x0 =

     5
     0
     2


xjmat_err =

   1.5330e-03


xjseq_err =

   1.5330e-03


xgsmat_err =

   2.4590e+32


xgsseq_err =

   2.4590e+32


b =

     7
     9
     8


x0 =

     2
     5
     6


xjmat_err =

   1.9766e-03


xjseq_err =

   1.9766e-03


xgsmat_err =

   9.9964e+33


xgsseq_err =

   9.9964e+33

diary off
