run('Smetana_Gregory_1917370_A6_P3.m');
(warnings removed)
part a

ans =

   2.0000e+00   4.0000e+00   1.3000e+01   2.7000e+01

(warnings removed)
ans =

   2.0000e+00   4.0000e+00   1.3000e+01   2.7000e+01

diary off
