run('Smetana_Gregory_1917370_A4_P3.m')

x_a =

     5.773287988489395e-02
     4.281921761790140e+00
    -5.349578523794193e+00


t_a =

   810


r_a =

     5.811882658961149e-01


cond_a =

     4.867618438401785e+02


x_b =

     5.773287988488140e-02
     4.281921761790207e+00
    -5.349578523794256e+00


t_b =

        1516


r_b =

     5.811882658961154e-01


cond_b =

     2.206267988799603e+01


x_a =

     1.656380936174698e-04
     3.989420649671397e+00
     1.229658456163471e-01
    -1.112693941751450e+01
     2.760391884291479e-01
     1.048354404629816e+01
    -4.502277252395971e+00


t_a =

   127


r_a =

     7.468336144166766e-04


cond_a =

     3.915604824294044e+08


x_b =

     1.656380962030799e-04
     3.989420649508054e+00
     1.229658474860089e-01
    -1.112693942551486e+01
     2.760392040232638e-01
     1.048354403224540e+01
    -4.502277247641723e+00


t_b =

   580


r_b =

     7.468336144165733e-04


cond_b =

     1.978788728823597e+04


x_a =

    -6.671131127896551e-09
     4.000002325585443e+00
    -9.800632713093781e-05
    -1.066503428065786e+01
    -1.430283744924931e-02
     8.608393589186797e+00
    -2.525855838422283e-01
    -2.686800494913550e+00
    -8.430701648396042e-01
     1.550721728828908e+00
    -5.014643416298591e-01
     4.743557764659213e-02


t_a =

   288


r_a =

     2.448105425893064e-08


cond_a =

     1.280614687904160e+16


x_b =

    -2.665211567614457e-09
     4.000001205956912e+00
    -5.645186915616958e-05
    -1.066564308017487e+01
    -9.655654437952179e-03
     8.587449519298678e+00
    -1.932254237565274e-01
    -2.795535730790732e+00
    -7.145141657078831e-01
     1.456008851886011e+00
    -4.619239047002904e-01
     4.029233913304647e-02


t_b =

        2596


r_b =

     1.743034423482307e-08


cond_b =

     1.171893555129648e+08

diary off
